[DRAWING_PATH]
Headset
PointCount
69
ListOfPointF
0.782 0.391
0.847 0.391
0.887 0.404
0.913 0.443
0.913 0.625
0.887 0.664
0.847 0.677
0.782 0.677
0.782 0.391
0.782 0.299
0.756 0.247
0.717 0.195
0.665 0.156
0.613 0.143
0.535 0.143
0.456 0.143
0.391 0.169
0.339 0.221
0.300 0.286
0.300 0.391
0.274 0.391
0.274 0.286
0.313 0.221
0.378 0.156
0.456 0.117
0.613 0.117
0.665 0.130
0.717 0.156
0.756 0.195
0.808 0.286
0.808 0.391
JUMP 0.300 0.391
0.300 0.677
0.235 0.677
0.196 0.664
0.169 0.625
0.169 0.443
0.196 0.404
0.235 0.391
0.274 0.391
JUMP 0.808 0.417
0.860 0.417
0.887 0.456
0.887 0.612
0.860 0.651
0.808 0.651
0.808 0.417
JUMP 0.274 0.417
0.274 0.651
0.222 0.651
0.196 0.612
0.196 0.456
0.222 0.417
0.274 0.417
JUMP 0.782 0.677
0.730 0.716
0.678 0.742
0.613 0.742
0.600 0.729
0.587 0.716
0.561 0.716
0.548 0.729
0.548 0.755
0.561 0.768
0.587 0.768
0.613 0.755
0.691 0.755
0.743 0.729
0.808 0.677
