[DRAWING_PATH]
Women
PointCount
230
ListOfPointF
0.897 0.590
0.885 0.629
0.877 0.665
0.863 0.698
JUMP 0.743 0.833
0.709 0.854
0.668 0.865
0.632 0.855
0.600 0.831
0.567 0.794
0.589 0.799
0.615 0.797
0.632 0.780
0.638 0.747
0.627 0.762
0.613 0.772
0.595 0.780
0.575 0.780
0.563 0.794
0.549 0.786
0.551 0.768
0.531 0.758
JUMP 0.512 0.750
0.523 0.738
0.538 0.737
0.554 0.737
0.565 0.724
0.579 0.723
0.600 0.721
0.623 0.712
0.648 0.699
0.668 0.686
0.665 0.703
0.639 0.715
0.615 0.724
0.596 0.730
0.578 0.741
0.565 0.750
0.546 0.751
0.529 0.751
0.520 0.750
JUMP 0.541 0.607
0.554 0.618
0.548 0.639
0.535 0.648
0.522 0.647
0.507 0.652
0.495 0.667
0.475 0.682
0.455 0.689
0.442 0.682
0.433 0.668
0.433 0.638
0.428 0.582
0.424 0.525
0.413 0.483
0.400 0.453
0.379 0.434
0.351 0.424
0.314 0.423
0.287 0.422
0.265 0.410
JUMP 0.214 0.171
0.201 0.190
0.202 0.225
0.205 0.270
0.218 0.320
0.232 0.368
0.245 0.398
0.244 0.417
0.254 0.426
0.274 0.440
0.289 0.456
0.296 0.471
0.306 0.477
0.299 0.501
0.304 0.504
0.292 0.521
0.309 0.525
0.331 0.509
0.326 0.522
0.356 0.504
0.347 0.521
0.357 0.518
0.369 0.513
0.377 0.496
0.391 0.480
0.385 0.470
0.366 0.483
0.343 0.492
0.321 0.500
0.304 0.504
JUMP 0.323 0.526
0.332 0.542
0.342 0.566
0.355 0.598
0.378 0.624
0.398 0.654
0.417 0.673
JUMP 0.580 0.307
0.548 0.310
0.520 0.331
0.498 0.349
0.482 0.372
JUMP 0.445 0.430
0.446 0.396
0.456 0.376
0.475 0.358
0.486 0.341
0.516 0.328
0.462 0.354
0.437 0.368
0.426 0.391
JUMP 0.635 0.370
0.622 0.389
0.604 0.408
0.583 0.421
0.557 0.426
0.532 0.431
0.505 0.431
0.523 0.439
0.510 0.458
0.531 0.453
0.553 0.444
0.549 0.457
0.570 0.445
0.570 0.458
0.587 0.444
0.588 0.457
0.608 0.440
0.619 0.449
0.619 0.432
0.623 0.422
0.634 0.424
0.628 0.409
0.638 0.388
0.635 0.370
JUMP 0.726 0.284
0.757 0.306
0.789 0.314
0.820 0.318
0.863 0.322
0.898 0.335
0.917 0.353
0.920 0.380
0.911 0.359
0.892 0.350
0.860 0.349
0.821 0.349
0.774 0.348
0.734 0.336
0.701 0.318
0.686 0.302
0.677 0.286
JUMP 0.660 0.257
0.647 0.238
0.626 0.237
0.589 0.243
0.557 0.237
0.518 0.227
0.478 0.210
0.455 0.180
0.439 0.148
0.432 0.121
0.420 0.096
0.405 0.083
0.386 0.085
JUMP 0.429 0.070
0.450 0.078
0.475 0.091
0.497 0.120
0.514 0.146
0.538 0.178
0.566 0.197
0.589 0.206
0.611 0.212
0.635 0.229
0.647 0.238
JUMP 0.493 0.094
0.516 0.108
0.537 0.122
0.549 0.137
0.548 0.150
0.553 0.171
0.568 0.184
0.592 0.195
0.611 0.212
JUMP 0.458 0.126
0.475 0.148
0.494 0.164
0.515 0.177
0.538 0.178
JUMP 0.167 0.210
0.172 0.241
0.176 0.286
0.179 0.333
0.180 0.372
0.171 0.411
0.153 0.438
0.134 0.457
0.111 0.466
0.082 0.458
0.096 0.452
0.119 0.441
0.141 0.410
0.154 0.379
0.159 0.344
0.154 0.296
0.145 0.267
0.136 0.230
0.140 0.195
0.154 0.174
0.179 0.168
0.136 0.180
0.125 0.210
0.120 0.255
0.124 0.293
0.128 0.329
0.125 0.354
0.115 0.380
JUMP 0.126 0.336
0.120 0.311
0.107 0.279
0.100 0.251
0.100 0.216
0.107 0.184
0.119 0.163
0.138 0.154
0.160 0.155
0.197 0.163
