[DRAWING_PATH]
Bird
PointCount
135
ListOfPointF
0.437 0.755
0.411 0.762
0.378 0.762
0.339 0.768
0.300 0.768
0.287 0.781
0.293 0.794
0.332 0.814
0.359 0.827
0.404 0.840
0.469 0.833
0.522 0.840
0.574 0.833
0.606 0.833
0.626 0.807
0.626 0.781
0.600 0.762
0.567 0.749
0.522 0.749
0.482 0.742
0.463 0.749
0.437 0.755
0.443 0.736
0.450 0.710
0.443 0.684
0.437 0.658
0.443 0.632
0.443 0.599
0.443 0.573
0.437 0.553
0.430 0.527
0.437 0.501
0.424 0.469
0.430 0.436
0.456 0.430
0.482 0.436
0.502 0.423
0.508 0.397
0.508 0.345
0.508 0.313
0.515 0.280
0.522 0.247
0.541 0.254
0.554 0.267
0.574 0.267
0.567 0.247
0.541 0.241
0.515 0.234
0.476 0.208
0.430 0.182
0.404 0.163
0.391 0.163
0.378 0.182
0.346 0.215
0.326 0.241
0.300 0.267
0.274 0.286
0.254 0.299
0.267 0.306
0.287 0.286
0.306 0.273
0.319 0.293
0.332 0.339
0.346 0.384
0.359 0.417
0.372 0.443
0.391 0.449
0.411 0.443
0.430 0.436
JUMP 0.411 0.319
0.430 0.326
0.443 0.339
0.430 0.352
0.411 0.358
0.398 0.339
0.411 0.319
JUMP 0.756 0.508
0.652 0.527
0.671 0.508
0.684 0.482
0.698 0.462
0.698 0.443
0.678 0.456
0.645 0.475
0.613 0.482
0.580 0.488
0.554 0.495
0.535 0.501
0.541 0.527
0.567 0.547
0.593 0.560
0.619 0.553
0.639 0.540
0.652 0.527
JUMP 0.580 0.488
0.567 0.469
0.541 0.456
0.508 0.449
0.482 0.449
0.456 0.462
0.437 0.475
0.411 0.469
0.385 0.456
0.385 0.469
0.430 0.482
0.443 0.508
0.456 0.540
0.482 0.566
0.515 0.599
0.561 0.618
0.593 0.618
0.639 0.599
0.678 0.579
0.717 0.553
0.743 0.534
0.756 0.508
JUMP 0.535 0.775
0.541 0.742
0.554 0.716
0.561 0.690
0.561 0.664
0.567 0.618
0.554 0.632
0.541 0.658
0.535 0.684
0.508 0.710
0.502 0.729
0.482 0.762
0.476 0.781
JUMP 0.489 0.475
0.502 0.475
0.508 0.482
0.502 0.495
0.489 0.488
0.489 0.475
