[DRAWING_PATH]
Boat
PointCount
58
ListOfPointF
0.160 0.853
0.190 0.848
0.243 0.863
0.295 0.875
0.359 0.868
0.412 0.853
0.462 0.853
0.524 0.874
0.593 0.870
0.658 0.857
0.716 0.850
0.763 0.859
0.802 0.862
JUMP 0.618 0.865
0.688 0.815
0.748 0.751
0.782 0.685
0.218 0.693
0.229 0.734
0.271 0.788
0.332 0.833
0.391 0.858
JUMP 0.529 0.685
0.529 0.126
0.511 0.112
0.519 0.094
0.536 0.089
0.551 0.099
0.550 0.117
0.529 0.126
JUMP 0.529 0.241
0.711 0.177
0.720 0.160
0.686 0.151
0.605 0.150
0.529 0.154
JUMP 0.529 0.271
0.610 0.320
0.670 0.368
0.739 0.435
0.785 0.496
0.748 0.536
0.682 0.577
0.529 0.665
JUMP 0.492 0.655
0.499 0.430
0.497 0.247
0.492 0.201
0.475 0.191
0.452 0.207
0.391 0.288
0.261 0.483
0.213 0.555
0.227 0.577
0.272 0.591
0.390 0.634
0.451 0.658
0.492 0.655
