[DRAWING_PATH]
Fish
PointCount
188
ListOfPointF
0.880 0.527
0.867 0.501
0.841 0.475
0.802 0.462
0.750 0.488
0.698 0.534
0.645 0.592
0.606 0.618
0.541 0.645
0.482 0.658
0.450 0.658
0.424 0.651
0.378 0.645
0.326 0.632
0.241 0.599
0.156 0.553
0.111 0.501
0.098 0.469
0.098 0.443
0.111 0.417
0.137 0.378
0.189 0.332
0.261 0.286
0.319 0.260
0.378 0.241
0.437 0.234
0.482 0.234
0.535 0.247
0.580 0.267
0.639 0.306
0.678 0.332
0.724 0.352
0.750 0.352
0.789 0.339
0.821 0.306
0.841 0.273
0.860 0.241
0.874 0.247
0.874 0.286
0.867 0.332
0.860 0.358
0.847 0.384
0.874 0.404
0.900 0.443
0.906 0.482
0.900 0.514
0.887 0.534
0.880 0.527
JUMP 0.293 0.273
0.326 0.332
0.339 0.384
0.339 0.443
0.332 0.501
0.306 0.560
0.274 0.612
JUMP 0.319 0.260
0.346 0.208
0.359 0.169
0.378 0.156
0.411 0.163
0.502 0.182
0.587 0.208
0.619 0.221
0.619 0.241
0.600 0.254
0.587 0.267
JUMP 0.424 0.651
0.430 0.671
0.437 0.697
0.424 0.716
0.404 0.716
0.385 0.703
0.372 0.684
0.372 0.664
0.359 0.677
0.352 0.690
0.326 0.703
0.306 0.703
0.293 0.690
0.293 0.671
0.313 0.651
0.332 0.632
JUMP 0.372 0.638
0.378 0.625
0.378 0.605
0.352 0.592
0.319 0.579
0.300 0.573
0.352 0.579
0.398 0.566
0.430 0.534
0.437 0.501
0.417 0.462
0.385 0.436
0.339 0.423
0.372 0.423
0.404 0.404
0.430 0.358
0.437 0.319
0.411 0.280
0.378 0.260
0.346 0.254
JUMP 0.469 0.234
0.495 0.254
0.508 0.273
0.502 0.293
0.476 0.319
0.443 0.345
0.430 0.352
0.456 0.365
0.476 0.384
0.495 0.417
0.502 0.456
0.489 0.488
0.463 0.514
0.430 0.527
0.456 0.540
0.476 0.573
0.476 0.605
0.456 0.632
0.424 0.651
JUMP 0.515 0.645
0.522 0.632
0.508 0.612
0.476 0.605
0.522 0.592
0.567 0.566
0.580 0.534
0.574 0.495
0.541 0.469
0.502 0.456
0.541 0.449
0.574 0.423
0.587 0.391
0.574 0.339
0.554 0.306
0.528 0.286
0.508 0.280
0.541 0.280
0.567 0.260
JUMP 0.613 0.618
0.632 0.579
0.632 0.560
0.613 0.534
0.580 0.527
0.606 0.514
0.632 0.488
0.645 0.449
0.639 0.410
0.613 0.384
0.587 0.378
0.619 0.358
0.639 0.339
0.639 0.326
0.626 0.299
JUMP 0.711 0.521
0.724 0.495
0.717 0.469
0.698 0.449
0.671 0.436
0.645 0.436
0.678 0.417
0.704 0.391
0.711 0.365
0.691 0.339
JUMP 0.150 0.547
0.176 0.553
0.202 0.553
0.235 0.540
0.254 0.521
0.267 0.495
0.267 0.482
JUMP 0.235 0.488
0.254 0.475
0.267 0.475
0.280 0.482
0.287 0.488
JUMP 0.235 0.365
0.254 0.378
0.254 0.391
0.248 0.410
0.228 0.410
0.215 0.397
0.215 0.378
0.222 0.365
0.235 0.365
JUMP 0.228 0.384
0.235 0.391
