[DRAWING_PATH]
RocketLove
PointCount
53
ListOfPointF
0.495 0.091
0.391 0.221
0.600 0.221
0.495 0.091
JUMP 0.391 0.221
0.391 0.859
0.600 0.859
0.600 0.221
JUMP 0.456 0.859
0.417 0.938
0.574 0.938
0.535 0.859
JUMP 0.469 0.247
0.469 0.339
0.535 0.339
JUMP 0.482 0.378
0.522 0.378
0.535 0.391
0.535 0.456
0.522 0.469
0.482 0.469
0.469 0.456
0.469 0.391
0.482 0.378
JUMP 0.469 0.508
0.469 0.534
0.476 0.560
0.482 0.579
0.495 0.599
0.508 0.599
0.522 0.579
0.528 0.560
0.535 0.534
0.535 0.508
JUMP 0.535 0.638
0.469 0.638
0.469 0.742
0.535 0.742
JUMP 0.469 0.690
0.508 0.690
JUMP 0.502 0.156
0.508 0.143
0.522 0.143
0.535 0.156
0.535 0.176
0.508 0.195
0.495 0.208
0.482 0.195
0.463 0.176
0.463 0.156
0.476 0.143
0.489 0.143
0.502 0.163
