[DRAWING_PATH]
Character
PointCount
115
ListOfPointF
0.482 0.163
0.508 0.169
0.528 0.189
0.535 0.228
0.528 0.260
0.508 0.273
0.489 0.286
0.469 0.280
0.456 0.260
0.443 0.234
0.443 0.202
0.456 0.182
0.482 0.163
0.469 0.195
0.469 0.221
0.469 0.241
0.476 0.267
0.489 0.286
JUMP 0.535 0.228
0.515 0.221
0.495 0.221
0.469 0.221
0.443 0.221
JUMP 0.508 0.273
0.515 0.293
0.508 0.319
0.508 0.352
0.495 0.378
0.495 0.404
0.495 0.436
0.495 0.482
0.548 0.482
0.528 0.534
0.502 0.566
0.469 0.540
0.463 0.527
0.463 0.482
0.495 0.482
JUMP 0.463 0.527
0.411 0.625
0.398 0.632
0.385 0.638
0.378 0.651
0.385 0.664
0.404 0.664
0.424 0.651
0.424 0.638
0.411 0.625
JUMP 0.391 0.664
0.398 0.846
0.319 0.853
0.398 0.801
JUMP 0.541 0.508
0.535 0.671
0.522 0.677
0.515 0.697
0.522 0.716
0.541 0.723
0.554 0.710
0.554 0.690
0.554 0.677
0.535 0.671
JUMP 0.548 0.723
0.613 0.801
0.658 0.827
0.626 0.892
0.561 0.885
0.606 0.859
0.613 0.801
JUMP 0.456 0.326
0.554 0.299
0.554 0.319
0.567 0.326
0.522 0.417
0.482 0.423
0.456 0.365
0.456 0.326
JUMP 0.463 0.306
0.476 0.319
0.469 0.332
0.450 0.339
0.437 0.326
0.463 0.306
JUMP 0.450 0.339
0.424 0.423
0.404 0.430
0.404 0.449
0.417 0.462
0.437 0.443
0.424 0.423
JUMP 0.411 0.456
0.365 0.514
0.372 0.553
0.300 0.534
0.365 0.514
JUMP 0.554 0.299
0.574 0.293
0.593 0.299
0.593 0.319
0.567 0.326
JUMP 0.580 0.326
0.580 0.371
0.587 0.417
0.567 0.430
0.574 0.449
0.600 0.456
0.613 0.430
0.606 0.417
0.587 0.417
JUMP 0.600 0.456
0.626 0.540
0.665 0.553
0.691 0.573
0.619 0.573
0.626 0.540
