[DRAWING_PATH]
SeaStar
PointCount
44
ListOfPointF
0.508 0.078
0.574 0.221
0.587 0.339
0.613 0.378
0.678 0.404
0.847 0.430
0.939 0.469
0.834 0.495
0.665 0.573
0.691 0.651
0.730 0.716
0.860 0.885
0.639 0.781
0.548 0.729
0.508 0.729
0.378 0.833
0.248 0.911
0.274 0.794
0.313 0.677
0.313 0.625
0.287 0.586
0.156 0.534
0.039 0.456
0.248 0.417
0.378 0.365
0.430 0.273
0.443 0.208
0.508 0.078
JUMP 0.404 0.417
0.404 0.469
0.443 0.469
0.443 0.417
0.404 0.417
JUMP 0.548 0.417
0.508 0.417
0.508 0.469
0.548 0.469
0.548 0.417
JUMP 0.574 0.521
0.535 0.560
0.482 0.586
0.443 0.573
0.417 0.547
0.391 0.521
