[DRAWING_PATH]
BabyBottle
PointCount
145
ListOfPointF
0.451 0.836
0.351 0.836
0.318 0.829
0.295 0.816
0.283 0.792
0.284 0.372
0.270 0.366
0.267 0.297
0.278 0.280
0.304 0.275
0.302 0.290
0.326 0.298
0.356 0.302
0.400 0.303
0.443 0.302
0.481 0.297
0.508 0.293
0.510 0.273
0.498 0.255
0.478 0.234
0.458 0.223
0.442 0.210
0.446 0.184
0.449 0.155
0.438 0.135
0.424 0.120
0.403 0.118
0.382 0.125
0.366 0.142
0.365 0.161
0.369 0.189
0.362 0.210
0.346 0.228
0.327 0.245
0.312 0.258
0.304 0.275
JUMP 0.512 0.273
0.531 0.284
0.545 0.297
0.545 0.352
0.537 0.368
0.520 0.379
0.489 0.384
0.443 0.391
0.399 0.391
0.339 0.389
0.302 0.380
0.284 0.372
JUMP 0.335 0.478
0.284 0.478
JUMP 0.314 0.536
0.283 0.538
JUMP 0.334 0.596
0.283 0.595
JUMP 0.316 0.654
0.284 0.654
JUMP 0.336 0.712
0.282 0.712
JUMP 0.579 0.790
0.576 0.816
0.566 0.845
0.540 0.870
0.508 0.878
0.478 0.868
0.456 0.850
0.445 0.818
0.449 0.785
0.467 0.758
0.489 0.747
0.515 0.737
0.536 0.721
0.554 0.701
0.575 0.699
0.595 0.715
0.609 0.736
0.604 0.758
0.588 0.776
0.579 0.790
0.596 0.803
0.621 0.811
0.640 0.809
0.653 0.789
0.656 0.768
0.673 0.763
0.679 0.741
0.666 0.721
0.644 0.712
0.647 0.694
0.631 0.671
0.610 0.659
0.588 0.661
0.574 0.641
0.554 0.635
0.532 0.645
0.527 0.659
0.512 0.656
0.498 0.661
0.486 0.688
0.499 0.715
0.520 0.733
JUMP 0.492 0.684
0.488 0.660
0.495 0.641
0.512 0.630
0.528 0.626
0.546 0.612
0.568 0.602
0.588 0.608
0.605 0.616
0.614 0.632
0.636 0.629
0.656 0.639
0.675 0.656
0.677 0.678
0.675 0.695
0.694 0.706
0.708 0.730
0.704 0.755
0.690 0.770
0.678 0.780
0.677 0.794
0.658 0.809
0.640 0.809
JUMP 0.615 0.625
0.623 0.603
0.640 0.592
0.664 0.592
0.682 0.602
0.694 0.621
0.690 0.642
0.675 0.656
JUMP 0.578 0.604
0.585 0.582
0.605 0.561
0.631 0.548
0.658 0.547
0.686 0.556
0.712 0.572
0.728 0.605
0.733 0.647
0.721 0.673
0.707 0.689
0.694 0.706
JUMP 0.527 0.376
0.528 0.626
