[DRAWING_PATH]
Cloud
PointCount
161
ListOfPointF
0.724 0.661
0.739 0.677
0.772 0.690
0.799 0.688
0.829 0.673
0.846 0.661
0.867 0.674
0.901 0.673
0.928 0.650
0.937 0.609
0.917 0.582
0.892 0.570
0.868 0.570
0.855 0.547
0.837 0.523
0.801 0.512
0.761 0.510
0.748 0.488
0.713 0.453
0.673 0.430
0.619 0.415
0.578 0.426
0.533 0.456
0.506 0.492
0.486 0.475
0.439 0.460
0.409 0.465
0.390 0.423
0.335 0.382
0.276 0.371
0.213 0.383
0.176 0.418
0.158 0.448
0.120 0.452
0.081 0.477
0.053 0.520
0.056 0.564
0.072 0.605
0.112 0.630
0.156 0.634
0.202 0.620
0.227 0.645
0.267 0.655
0.302 0.648
0.347 0.633
0.377 0.609
0.392 0.629
0.412 0.639
0.430 0.660
0.462 0.680
0.501 0.685
0.549 0.667
0.576 0.693
0.630 0.706
0.671 0.697
0.724 0.661
JUMP 0.506 0.493
0.481 0.492
0.438 0.504
0.412 0.534
0.399 0.573
0.402 0.603
0.413 0.641
JUMP 0.120 0.451
0.106 0.424
0.115 0.374
0.133 0.333
0.167 0.305
0.199 0.288
0.256 0.284
0.280 0.242
0.330 0.208
0.377 0.185
0.428 0.172
0.501 0.188
0.551 0.217
0.585 0.254
0.610 0.314
0.662 0.303
0.725 0.328
0.761 0.389
0.804 0.388
0.840 0.414
0.859 0.457
0.849 0.491
0.823 0.520
JUMP 0.829 0.706
0.834 0.727
0.827 0.745
0.815 0.753
0.795 0.743
0.804 0.720
0.829 0.706
JUMP 0.750 0.724
0.756 0.741
0.755 0.767
0.746 0.789
0.722 0.798
0.703 0.784
0.700 0.758
0.722 0.734
0.750 0.724
JUMP 0.632 0.737
0.641 0.759
0.632 0.798
0.618 0.818
0.588 0.815
0.574 0.788
0.593 0.767
0.615 0.754
0.632 0.737
JUMP 0.555 0.704
0.559 0.728
0.550 0.750
0.531 0.755
0.518 0.737
0.531 0.724
0.555 0.704
JUMP 0.469 0.701
0.475 0.725
0.469 0.754
0.454 0.775
0.430 0.771
0.420 0.751
0.433 0.727
0.452 0.716
0.469 0.701
JUMP 0.364 0.646
0.374 0.681
0.365 0.716
0.343 0.740
0.313 0.734
0.301 0.706
0.314 0.682
0.342 0.664
0.364 0.646
JUMP 0.362 0.764
0.370 0.785
0.362 0.815
0.340 0.824
0.323 0.810
0.336 0.786
0.353 0.777
0.362 0.764
JUMP 0.224 0.733
0.232 0.759
0.224 0.793
0.209 0.813
0.185 0.814
0.167 0.797
0.175 0.770
0.202 0.753
0.224 0.733
JUMP 0.194 0.648
0.199 0.674
0.188 0.703
0.168 0.712
0.153 0.697
0.162 0.674
0.180 0.661
0.194 0.648
