[DRAWING_PATH]
Family
PointCount
254
ListOfPointF
0.020 0.762
0.978 0.762
JUMP 0.111 0.658
0.124 0.658
0.124 0.671
0.111 0.671
0.111 0.658
JUMP 0.124 0.658
0.137 0.658
0.143 0.664
0.163 0.664
0.150 0.684
0.137 0.684
0.130 0.690
0.111 0.690
0.111 0.671
JUMP 0.111 0.690
0.098 0.703
0.072 0.703
0.065 0.690
0.065 0.677
0.052 0.677
0.059 0.697
0.052 0.710
0.059 0.723
0.052 0.736
0.052 0.762
JUMP 0.065 0.762
0.065 0.736
0.078 0.749
0.091 0.749
0.091 0.742
0.078 0.729
0.078 0.716
0.104 0.742
0.117 0.742
0.117 0.762
JUMP 0.130 0.762
0.130 0.736
0.143 0.749
0.156 0.736
0.130 0.716
0.130 0.690
JUMP 0.130 0.703
0.143 0.710
0.156 0.710
0.169 0.703
0.196 0.664
0.196 0.645
0.209 0.632
0.235 0.612
0.235 0.599
0.228 0.592
0.228 0.579
0.235 0.566
0.248 0.560
0.261 0.566
0.267 0.579
0.267 0.592
0.254 0.599
0.254 0.612
0.267 0.618
0.287 0.632
0.306 0.638
0.306 0.651
0.287 0.645
0.261 0.632
0.261 0.664
0.300 0.716
0.287 0.716
0.293 0.742
0.306 0.742
0.313 0.749
0.287 0.762
0.267 0.716
0.235 0.716
0.222 0.742
0.228 0.755
0.222 0.762
0.196 0.749
0.215 0.716
0.202 0.716
0.235 0.664
0.235 0.638
0.215 0.645
0.209 0.664
0.196 0.664
JUMP 0.346 0.742
0.391 0.645
0.391 0.592
0.365 0.612
0.359 0.638
0.346 0.638
0.339 0.625
0.346 0.605
0.398 0.566
0.398 0.553
0.385 0.547
0.378 0.527
0.391 0.508
0.404 0.501
0.417 0.501
0.430 0.514
0.437 0.534
0.424 0.553
0.417 0.553
0.417 0.566
0.437 0.579
0.456 0.592
0.482 0.599
0.482 0.612
0.463 0.612
0.443 0.612
0.424 0.599
0.424 0.651
0.456 0.697
0.469 0.742
0.482 0.736
0.489 0.749
0.456 0.762
0.437 0.710
0.411 0.671
0.391 0.710
0.372 0.742
0.385 0.749
0.378 0.762
0.346 0.742
JUMP 0.515 0.749
0.548 0.677
0.522 0.677
0.587 0.599
0.593 0.560
0.574 0.579
0.554 0.632
0.541 0.638
0.535 0.625
0.548 0.566
0.593 0.521
0.606 0.514
0.613 0.501
0.600 0.495
0.600 0.475
0.613 0.462
0.626 0.456
0.639 0.462
0.652 0.475
0.652 0.495
0.639 0.508
0.632 0.521
0.645 0.534
0.665 0.573
0.711 0.592
0.717 0.612
0.704 0.618
0.645 0.592
0.632 0.560
0.626 0.599
0.691 0.677
0.665 0.677
0.684 0.736
0.704 0.729
0.704 0.742
0.665 0.762
0.626 0.677
0.580 0.677
0.554 0.742
0.574 0.749
0.561 0.762
0.515 0.749
JUMP 0.737 0.742
0.808 0.605
0.815 0.553
0.795 0.573
0.776 0.632
0.763 0.638
0.756 0.625
0.776 0.566
0.815 0.521
0.834 0.514
0.834 0.508
0.821 0.488
0.821 0.469
0.841 0.456
0.860 0.456
0.874 0.475
0.874 0.495
0.854 0.508
0.854 0.521
0.867 0.527
0.887 0.573
0.939 0.599
0.939 0.612
0.926 0.618
0.874 0.592
0.860 0.566
0.854 0.605
0.906 0.723
0.919 0.723
0.926 0.736
0.893 0.762
0.828 0.638
0.776 0.736
0.789 0.749
0.776 0.762
0.737 0.742
JUMP 0.143 0.117
0.156 0.098
0.169 0.085
0.202 0.072
0.228 0.085
0.248 0.104
0.254 0.124
0.248 0.156
0.235 0.182
0.202 0.195
0.169 0.189
0.150 0.176
0.137 0.143
0.143 0.117
0.065 0.072
JUMP 0.117 0.026
0.163 0.091
JUMP 0.222 0.013
0.202 0.072
JUMP 0.300 0.039
0.241 0.098
JUMP 0.326 0.111
0.254 0.130
JUMP 0.300 0.234
0.241 0.176
JUMP 0.319 0.169
0.248 0.156
JUMP 0.222 0.254
0.202 0.195
JUMP 0.143 0.247
0.163 0.189
JUMP 0.078 0.189
0.143 0.156
JUMP 0.711 0.130
0.724 0.117
0.737 0.111
0.756 0.117
0.769 0.130
0.782 0.117
0.802 0.111
0.821 0.111
0.834 0.124
JUMP 0.567 0.195
0.574 0.182
0.587 0.182
0.600 0.195
0.613 0.182
0.626 0.182
0.632 0.195
