[DRAWING_PATH]
Littlegirl
PointCount
181
ListOfPointF
0.287 0.130
0.254 0.202
0.248 0.215
0.183 0.215
0.156 0.221
0.163 0.234
0.215 0.273
0.222 0.293
0.202 0.352
0.196 0.378
0.222 0.371
0.254 0.358
0.287 0.345
0.326 0.371
0.346 0.384
0.372 0.384
0.365 0.365
0.352 0.326
0.346 0.299
0.346 0.286
0.385 0.254
0.411 0.228
0.391 0.221
0.372 0.221
0.332 0.215
0.313 0.208
0.306 0.182
0.300 0.156
0.293 0.130
0.287 0.130
JUMP 0.548 0.221
0.522 0.189
0.508 0.182
0.482 0.176
0.469 0.182
0.476 0.202
0.482 0.215
0.508 0.234
0.522 0.260
0.515 0.280
0.522 0.313
0.535 0.345
0.554 0.365
0.580 0.378
0.600 0.391
0.632 0.404
0.671 0.417
0.698 0.417
0.724 0.410
0.737 0.397
0.750 0.378
0.743 0.365
0.724 0.352
0.711 0.352
0.691 0.365
0.704 0.384
0.717 0.391
0.724 0.378
0.711 0.365
JUMP 0.580 0.378
0.561 0.345
0.561 0.319
0.554 0.286
0.561 0.260
0.574 0.234
0.580 0.215
0.561 0.215
0.541 0.228
0.528 0.241
0.522 0.260
JUMP 0.580 0.215
0.619 0.215
0.639 0.221
0.652 0.234
0.665 0.247
0.678 0.267
0.684 0.286
0.678 0.313
0.665 0.339
0.652 0.352
0.639 0.365
0.632 0.378
0.639 0.391
0.652 0.397
0.678 0.404
0.711 0.404
0.737 0.397
JUMP 0.626 0.215
0.632 0.208
0.645 0.208
0.665 0.221
0.678 0.234
0.698 0.260
0.711 0.280
0.737 0.286
0.750 0.286
0.769 0.280
0.782 0.260
0.776 0.241
0.763 0.228
0.737 0.228
0.730 0.241
0.730 0.260
0.750 0.267
0.750 0.247
JUMP 0.769 0.280
0.743 0.299
0.717 0.306
0.691 0.306
0.678 0.306
JUMP 0.587 0.384
0.593 0.404
0.613 0.423
0.639 0.449
0.671 0.482
0.717 0.521
0.763 0.547
0.808 0.573
0.847 0.586
0.854 0.599
0.841 0.612
0.802 0.625
0.750 0.638
0.704 0.645
0.658 0.645
0.619 0.651
0.587 0.658
0.548 0.671
0.508 0.690
0.489 0.684
0.489 0.664
0.502 0.625
0.515 0.586
0.522 0.540
0.522 0.488
0.528 0.449
0.522 0.410
0.495 0.391
0.463 0.365
0.450 0.326
0.437 0.293
0.430 0.273
0.437 0.267
0.456 0.273
0.476 0.299
0.502 0.339
0.528 0.358
0.567 0.371
0.548 0.371
0.554 0.384
0.574 0.397
0.593 0.404
JUMP 0.678 0.645
0.704 0.716
0.730 0.755
0.730 0.768
0.717 0.801
0.711 0.814
0.698 0.827
0.684 0.820
0.691 0.801
0.691 0.762
0.684 0.742
0.665 0.710
0.652 0.684
0.632 0.651
JUMP 0.606 0.658
0.600 0.697
0.593 0.736
0.593 0.768
0.600 0.794
0.593 0.814
0.574 0.840
0.548 0.853
0.541 0.840
0.554 0.820
0.561 0.794
0.567 0.762
0.561 0.723
0.561 0.690
0.554 0.671
