[DRAWING_PATH]
Elf
PointCount
290
ListOfPointF
0.746 0.191
0.720 0.145
0.690 0.107
0.657 0.081
0.628 0.074
0.610 0.077
0.600 0.087
0.576 0.087
0.548 0.087
0.529 0.108
0.520 0.128
0.493 0.139
0.467 0.160
0.447 0.188
0.442 0.225
0.433 0.236
0.432 0.251
0.417 0.259
0.415 0.276
0.372 0.293
0.340 0.313
0.300 0.331
0.263 0.352
0.293 0.368
0.335 0.380
0.368 0.393
0.382 0.380
0.395 0.357
0.392 0.329
0.361 0.333
0.316 0.339
0.287 0.349
0.263 0.352
JUMP 0.394 0.329
0.449 0.326
0.498 0.326
0.541 0.328
0.589 0.337
0.628 0.354
0.683 0.380
0.722 0.410
0.751 0.443
0.737 0.396
0.713 0.357
0.678 0.313
0.643 0.281
0.601 0.259
0.562 0.254
0.512 0.253
0.471 0.259
0.438 0.267
0.415 0.276
JUMP 0.681 0.311
0.668 0.283
0.643 0.258
0.617 0.238
0.570 0.223
0.525 0.217
0.480 0.220
0.442 0.225
JUMP 0.668 0.280
0.644 0.241
0.635 0.207
0.634 0.180
0.649 0.164
0.675 0.165
0.700 0.172
0.746 0.191
JUMP 0.752 0.443
0.720 0.448
0.675 0.445
0.645 0.443
JUMP 0.707 0.397
0.698 0.409
0.673 0.426
0.638 0.453
0.623 0.469
0.662 0.487
0.692 0.499
0.721 0.516
0.735 0.539
0.729 0.557
0.707 0.577
0.675 0.583
0.641 0.591
0.614 0.590
0.602 0.576
0.592 0.564
0.579 0.557
JUMP 0.595 0.563
0.611 0.565
0.621 0.578
0.636 0.579
0.626 0.559
0.600 0.546
0.570 0.536
0.549 0.531
0.533 0.529
0.512 0.531
0.495 0.520
0.481 0.514
0.459 0.517
0.420 0.513
0.381 0.500
0.346 0.495
0.323 0.497
JUMP 0.683 0.507
0.660 0.503
0.636 0.505
0.605 0.518
0.570 0.536
JUMP 0.554 0.530
0.578 0.520
0.601 0.503
0.615 0.482
0.627 0.448
0.635 0.419
0.648 0.395
0.647 0.372
0.644 0.361
0.661 0.378
0.668 0.389
0.656 0.402
0.639 0.431
JUMP 0.601 0.405
0.621 0.408
0.639 0.421
JUMP 0.544 0.382
0.524 0.368
0.501 0.366
JUMP 0.531 0.427
0.529 0.402
0.514 0.387
0.498 0.395
0.489 0.413
0.499 0.428
0.518 0.432
0.531 0.427
JUMP 0.587 0.439
0.595 0.427
0.611 0.423
0.627 0.427
0.617 0.447
0.601 0.457
0.587 0.454
0.587 0.439
JUMP 0.558 0.469
0.544 0.473
JUMP 0.557 0.493
0.537 0.488
0.515 0.488
0.523 0.505
0.538 0.509
0.557 0.493
JUMP 0.551 0.501
0.531 0.497
0.516 0.488
JUMP 0.541 0.328
0.508 0.340
0.480 0.354
0.459 0.379
0.451 0.410
0.437 0.392
0.422 0.379
0.413 0.387
0.411 0.405
0.422 0.417
0.437 0.419
0.435 0.443
0.449 0.471
0.464 0.496
0.481 0.514
JUMP 0.449 0.469
0.446 0.493
0.449 0.517
JUMP 0.398 0.504
0.403 0.483
0.390 0.458
0.374 0.441
0.347 0.449
0.317 0.477
0.288 0.510
0.275 0.538
0.282 0.564
0.305 0.579
0.340 0.587
0.375 0.582
0.405 0.578
0.434 0.566
0.456 0.560
0.463 0.548
0.486 0.549
0.497 0.560
0.520 0.573
0.545 0.581
0.567 0.590
0.581 0.612
0.581 0.589
0.561 0.573
0.583 0.587
0.598 0.607
0.606 0.599
0.595 0.581
0.571 0.563
JUMP 0.368 0.393
0.343 0.413
0.318 0.445
0.297 0.477
0.272 0.539
JUMP 0.322 0.586
0.297 0.612
0.275 0.655
0.269 0.703
0.271 0.753
0.291 0.809
0.316 0.836
0.348 0.863
0.379 0.867
JUMP 0.420 0.574
0.446 0.592
0.465 0.594
0.469 0.576
0.485 0.560
0.468 0.568
0.449 0.587
0.452 0.561
JUMP 0.494 0.603
0.469 0.594
0.432 0.591
0.402 0.599
0.374 0.618
0.349 0.654
0.331 0.701
0.332 0.745
0.336 0.797
0.353 0.831
0.389 0.874
0.421 0.888
0.451 0.891
0.484 0.880
0.507 0.891
0.545 0.897
0.576 0.888
0.602 0.875
0.623 0.841
0.644 0.806
0.653 0.763
0.649 0.717
0.643 0.680
0.615 0.641
0.591 0.624
0.570 0.602
0.545 0.587
0.523 0.596
0.490 0.611
0.459 0.637
0.437 0.672
0.424 0.721
0.426 0.776
0.438 0.827
0.459 0.859
0.484 0.880
JUMP 0.601 0.875
0.622 0.879
0.645 0.876
0.668 0.867
0.701 0.842
0.726 0.794
0.739 0.723
0.726 0.659
0.698 0.616
0.670 0.586
JUMP 0.541 0.589
0.520 0.585
0.501 0.598
0.505 0.578
0.516 0.570
0.493 0.586
0.480 0.598
0.481 0.581
0.495 0.568
JUMP 0.506 0.404
0.516 0.402
0.514 0.411
0.503 0.413
0.506 0.404
JUMP 0.606 0.432
0.606 0.444
0.597 0.447
0.605 0.431
