[DRAWING_PATH]
Lazarus
PointCount
99
ListOfPointF
0.130 0.117
0.156 0.117
0.143 0.221
0.195 0.208
0.195 0.234
0.130 0.234
0.130 0.117
JUMP 0.221 0.234
0.234 0.234
0.247 0.221
0.287 0.221
0.300 0.234
0.313 0.234
0.287 0.130
0.247 0.143
0.221 0.234
JUMP 0.261 0.156
0.274 0.156
0.287 0.208
0.247 0.208
0.261 0.156
JUMP 0.339 0.130
0.430 0.130
0.430 0.143
0.365 0.221
0.430 0.208
0.430 0.234
0.339 0.234
0.339 0.221
0.404 0.143
0.339 0.156
0.339 0.130
JUMP 0.456 0.234
0.469 0.234
0.482 0.221
0.521 0.221
0.534 0.234
0.547 0.234
0.521 0.143
0.482 0.130
0.456 0.234
JUMP 0.495 0.156
0.508 0.156
0.521 0.208
0.482 0.208
0.495 0.156
JUMP 0.573 0.234
0.573 0.130
0.626 0.130
0.652 0.143
0.652 0.182
0.639 0.195
0.586 0.195
0.665 0.234
0.626 0.234
0.586 0.208
0.586 0.234
0.573 0.234
JUMP 0.586 0.143
0.613 0.143
0.639 0.156
0.626 0.182
0.586 0.182
0.586 0.143
JUMP 0.678 0.130
0.678 0.234
0.691 0.234
0.691 0.221
0.704 0.234
0.743 0.234
0.756 0.221
0.756 0.130
0.730 0.130
0.743 0.208
0.730 0.221
0.704 0.221
0.691 0.208
0.704 0.143
0.678 0.130
JUMP 0.860 0.117
0.795 0.130
0.782 0.143
0.782 0.169
0.795 0.182
0.834 0.182
0.847 0.195
0.847 0.208
0.834 0.221
0.782 0.208
0.782 0.234
0.847 0.234
0.860 0.221
0.860 0.182
0.847 0.169
0.808 0.169
0.795 0.156
0.808 0.143
0.860 0.143
0.860 0.117
