[DRAWING_PATH]
Castle
PointCount
67
ListOfPointF
0.209 0.299
0.261 0.299
0.261 0.339
0.313 0.339
0.313 0.299
0.365 0.299
0.365 0.339
0.417 0.339
0.417 0.299
0.469 0.299
0.469 0.339
0.522 0.339
0.522 0.299
0.574 0.299
0.574 0.339
0.626 0.339
0.626 0.299
0.678 0.299
0.678 0.339
0.730 0.339
0.730 0.299
0.782 0.299
0.782 0.794
0.209 0.794
0.209 0.299
JUMP 0.391 0.794
0.391 0.651
0.404 0.625
0.443 0.612
0.482 0.599
0.535 0.599
0.574 0.612
0.613 0.625
0.626 0.651
0.626 0.794
JUMP 0.639 0.573
0.613 0.625
JUMP 0.365 0.573
0.404 0.625
JUMP 0.782 0.794
0.926 0.794
0.926 0.169
0.782 0.169
0.782 0.299
JUMP 0.209 0.794
0.065 0.794
0.065 0.169
0.209 0.169
0.209 0.299
JUMP 0.013 0.169
0.143 0.013
0.261 0.169
0.013 0.169
JUMP 0.730 0.169
0.860 0.013
0.978 0.169
0.730 0.169
JUMP 0.860 0.273
0.860 0.339
0.887 0.339
0.887 0.273
0.860 0.273
JUMP 0.104 0.260
0.104 0.339
0.130 0.339
0.130 0.260
0.104 0.260
