[DRAWING_PATH]
Student
PointCount
258
ListOfPointF
0.602 0.922
0.641 0.867
0.673 0.773
0.704 0.727
JUMP 0.493 0.922
0.516 0.867
0.548 0.797
0.563 0.727
0.571 0.680
JUMP 0.407 0.875
0.430 0.836
0.454 0.797
0.454 0.766
0.469 0.750
0.477 0.727
0.469 0.672
0.477 0.641
0.485 0.609
0.493 0.641
0.516 0.680
0.501 0.695
0.501 0.719
JUMP 0.344 0.859
0.360 0.813
0.391 0.781
0.430 0.680
0.438 0.633
0.446 0.555
0.455 0.503
0.477 0.508
0.508 0.500
0.532 0.477
0.555 0.445
0.571 0.383
0.595 0.375
0.595 0.414
0.610 0.453
0.634 0.484
0.665 0.516
0.696 0.555
0.720 0.594
0.735 0.664
0.743 0.719
0.735 0.766
0.728 0.820
0.712 0.859
0.688 0.898
0.665 0.930
JUMP 0.704 0.891
0.728 0.867
0.759 0.828
0.782 0.773
0.806 0.727
0.814 0.672
0.806 0.633
0.782 0.594
0.751 0.578
0.696 0.555
JUMP 0.665 0.516
0.688 0.523
0.735 0.539
0.782 0.563
0.821 0.594
0.853 0.625
0.868 0.648
0.868 0.695
0.868 0.734
0.860 0.773
0.845 0.828
0.806 0.898
JUMP 0.790 0.883
0.814 0.844
0.829 0.813
0.837 0.758
0.845 0.711
0.845 0.664
0.821 0.633
0.782 0.594
JUMP 0.720 0.594
0.751 0.609
0.782 0.641
0.790 0.680
0.782 0.719
0.759 0.773
0.728 0.820
JUMP 0.704 0.813
0.688 0.844
0.665 0.859
0.641 0.867
JUMP 0.665 0.797
0.688 0.797
0.712 0.789
0.735 0.766
JUMP 0.673 0.781
0.704 0.781
0.720 0.766
0.728 0.734
0.735 0.688
0.720 0.641
0.704 0.602
0.673 0.594
0.641 0.594
0.610 0.609
0.579 0.648
0.555 0.680
0.563 0.711
JUMP 0.555 0.719
0.548 0.688
0.516 0.688
JUMP 0.501 0.508
0.493 0.547
0.485 0.586
0.524 0.672
0.548 0.672
0.571 0.633
0.618 0.586
0.665 0.578
0.720 0.602
JUMP 0.626 0.547
0.587 0.555
0.563 0.555
JUMP 0.532 0.531
0.532 0.508
0.516 0.492
JUMP 0.595 0.375
0.610 0.375
0.610 0.398
0.626 0.391
0.641 0.414
0.649 0.392
0.647 0.375
0.662 0.362
0.683 0.362
0.678 0.349
0.696 0.335
0.679 0.323
0.698 0.315
0.711 0.329
0.714 0.310
0.699 0.288
0.714 0.290
0.709 0.267
0.681 0.254
0.691 0.230
0.714 0.221
0.701 0.203
0.686 0.195
0.708 0.178
0.695 0.147
0.660 0.134
0.635 0.137
0.645 0.118
0.652 0.089
0.634 0.086
0.613 0.069
0.598 0.053
0.575 0.053
0.561 0.076
0.544 0.063
0.559 0.040
0.522 0.036
0.514 0.051
0.495 0.044
0.464 0.038
0.435 0.040
0.435 0.079
0.404 0.052
0.356 0.052
0.321 0.065
0.340 0.087
0.336 0.103
0.308 0.091
0.283 0.100
0.253 0.115
0.272 0.137
0.256 0.164
0.216 0.158
0.226 0.186
0.237 0.204
0.222 0.212
0.258 0.237
0.232 0.247
0.210 0.272
0.243 0.268
0.250 0.280
0.223 0.306
0.222 0.331
0.276 0.306
0.254 0.328
0.226 0.349
0.245 0.350
0.267 0.340
0.280 0.327
0.278 0.353
0.299 0.352
0.313 0.333
0.329 0.339
0.322 0.358
0.348 0.362
0.366 0.366
0.362 0.344
0.361 0.320
0.389 0.299
0.389 0.320
0.405 0.303
0.408 0.275
0.428 0.267
0.428 0.289
0.447 0.292
0.460 0.275
0.469 0.255
0.484 0.270
0.481 0.294
0.505 0.302
0.523 0.316
0.548 0.322
0.540 0.348
0.562 0.354
0.575 0.385
JUMP 0.411 0.368
0.438 0.352
0.462 0.341
0.486 0.345
JUMP 0.481 0.374
0.462 0.383
0.428 0.383
0.443 0.400
0.462 0.400
0.482 0.374
JUMP 0.421 0.443
0.438 0.439
0.446 0.451
0.433 0.456
0.413 0.461
0.398 0.452
0.394 0.445
0.398 0.415
0.389 0.393
0.375 0.378
0.355 0.366
0.370 0.392
0.382 0.421
0.407 0.473
0.421 0.488
0.420 0.496
0.449 0.500
0.450 0.501
0.458 0.495
0.467 0.482
0.480 0.475
0.465 0.466
0.452 0.480
0.435 0.482
0.421 0.486
JUMP 0.390 0.398
0.375 0.402
0.369 0.391
0.383 0.387
