[DRAWING_PATH]
Mandala
PointCount
82
ListOfPointF
0.631 0.893
0.840 0.737
0.919 0.490
0.840 0.246
0.630 0.095
0.369 0.094
0.158 0.247
0.078 0.495
0.156 0.740
0.369 0.892
0.632 0.895
JUMP 0.602 0.814
0.735 0.814
0.776 0.691
0.880 0.612
0.841 0.491
0.880 0.371
0.774 0.293
0.737 0.171
0.602 0.173
0.498 0.095
0.395 0.171
0.263 0.172
0.222 0.297
0.117 0.371
0.158 0.493
0.119 0.617
0.222 0.693
0.261 0.815
0.394 0.818
0.497 0.891
0.605 0.816
0.644 0.693
0.776 0.691
0.734 0.568
0.840 0.491
0.735 0.417
0.774 0.293
0.643 0.294
0.602 0.173
0.498 0.246
0.395 0.171
0.352 0.296
0.222 0.297
0.261 0.418
0.158 0.493
0.262 0.570
0.222 0.693
0.353 0.695
0.394 0.818
0.498 0.740
0.605 0.816
JUMP 0.538 0.618
0.644 0.693
0.606 0.570
0.734 0.568
0.630 0.492
0.735 0.417
0.604 0.414
0.643 0.294
0.538 0.370
0.498 0.246
0.458 0.370
0.352 0.296
0.394 0.415
0.261 0.418
0.366 0.492
0.262 0.570
0.392 0.570
0.353 0.695
0.459 0.618
0.498 0.740
0.538 0.618
0.458 0.370
JUMP 0.459 0.620
0.538 0.370
JUMP 0.392 0.570
0.604 0.414
JUMP 0.365 0.492
0.630 0.492
JUMP 0.394 0.418
0.606 0.570
