[DRAWING_PATH]
Unicorn
PointCount
199
ListOfPointF
0.385 0.393
0.352 0.424
0.319 0.438
0.287 0.447
0.275 0.438
0.292 0.434
0.309 0.419
0.317 0.396
0.310 0.380
JUMP 0.276 0.439
0.254 0.440
0.235 0.436
0.209 0.423
0.197 0.404
0.197 0.382
0.207 0.359
0.231 0.340
0.263 0.318
0.296 0.306
0.361 0.284
0.370 0.264
0.389 0.255
0.412 0.250
0.429 0.242
0.428 0.263
0.411 0.292
0.392 0.293
0.377 0.289
0.382 0.271
0.413 0.254
JUMP 0.415 0.290
0.432 0.299
0.443 0.320
0.459 0.349
0.481 0.371
0.510 0.384
0.529 0.384
0.549 0.363
0.568 0.335
0.570 0.310
0.565 0.289
0.546 0.290
0.525 0.285
0.498 0.268
0.468 0.238
0.438 0.208
0.409 0.195
0.382 0.194
0.359 0.204
0.343 0.219
0.338 0.246
0.353 0.255
0.370 0.266
JUMP 0.334 0.293
0.330 0.276
0.353 0.255
0.368 0.237
0.389 0.227
0.408 0.221
0.428 0.229
0.449 0.249
0.469 0.271
0.493 0.290
0.524 0.313
0.550 0.319
0.570 0.320
JUMP 0.338 0.246
0.321 0.236
0.312 0.260
0.323 0.270
0.339 0.247
JUMP 0.322 0.236
0.308 0.225
0.300 0.243
0.312 0.262
JUMP 0.308 0.224
0.283 0.210
0.289 0.229
0.301 0.245
JUMP 0.428 0.267
0.445 0.277
0.458 0.297
0.476 0.315
0.499 0.337
0.532 0.352
0.553 0.359
JUMP 0.313 0.259
0.291 0.258
0.274 0.263
0.279 0.283
0.297 0.297
0.318 0.301
JUMP 0.379 0.323
0.364 0.337
0.347 0.332
0.334 0.320
JUMP 0.372 0.411
0.381 0.431
0.391 0.445
0.404 0.453
0.399 0.478
0.408 0.492
0.387 0.509
0.370 0.525
0.372 0.548
0.385 0.565
0.389 0.574
0.412 0.570
0.424 0.563
0.417 0.549
0.400 0.557
0.386 0.564
JUMP 0.417 0.548
0.420 0.534
0.439 0.531
0.456 0.544
JUMP 0.458 0.520
0.455 0.607
0.480 0.608
0.495 0.599
0.494 0.568
0.494 0.543
0.503 0.525
JUMP 0.454 0.587
0.494 0.590
JUMP 0.494 0.556
0.515 0.561
0.544 0.565
0.568 0.559
0.592 0.547
0.588 0.523
0.591 0.501
0.600 0.490
JUMP 0.559 0.563
0.562 0.605
0.563 0.617
0.592 0.612
0.595 0.598
0.562 0.603
JUMP 0.597 0.595
0.597 0.579
0.608 0.564
0.593 0.547
JUMP 0.591 0.612
0.609 0.621
0.627 0.622
0.635 0.603
0.615 0.607
0.597 0.603
JUMP 0.645 0.589
0.651 0.572
0.657 0.563
0.660 0.547
0.665 0.526
0.671 0.493
0.670 0.453
0.657 0.419
0.632 0.396
0.598 0.384
0.529 0.384
JUMP 0.635 0.396
0.654 0.376
0.681 0.365
0.707 0.368
0.738 0.382
0.761 0.405
0.773 0.447
0.773 0.488
0.769 0.525
0.761 0.553
0.761 0.583
0.772 0.598
0.733 0.615
0.720 0.604
0.718 0.581
0.722 0.547
0.731 0.516
0.739 0.484
0.743 0.454
0.734 0.423
0.714 0.402
0.686 0.391
0.664 0.395
0.648 0.408
JUMP 0.658 0.424
0.675 0.421
0.694 0.430
0.704 0.453
0.701 0.483
0.692 0.516
0.687 0.547
0.683 0.579
0.686 0.604
JUMP 0.733 0.615
0.711 0.617
0.687 0.603
0.664 0.594
0.645 0.590
0.631 0.605
