[DRAWING_PATH]
DogHead
PointCount
220
ListOfPointF
0.652 0.762
0.632 0.781
0.587 0.801
0.528 0.807
0.469 0.814
0.417 0.801
0.372 0.788
0.346 0.762
0.332 0.755
0.306 0.742
0.280 0.716
0.274 0.684
0.274 0.638
0.293 0.599
0.313 0.573
0.339 0.553
0.378 0.540
0.424 0.527
0.476 0.527
0.561 0.527
0.606 0.540
0.652 0.553
0.684 0.573
0.711 0.599
0.730 0.638
0.730 0.671
0.717 0.703
0.704 0.736
0.678 0.749
0.652 0.762
0.619 0.762
0.593 0.755
0.561 0.742
0.528 0.723
0.515 0.710
0.502 0.690
0.482 0.710
0.463 0.729
0.430 0.749
0.398 0.762
0.372 0.762
0.346 0.762
JUMP 0.319 0.566
0.339 0.540
0.359 0.521
0.385 0.495
0.404 0.469
0.424 0.423
0.430 0.384
0.430 0.339
0.437 0.293
0.450 0.260
0.469 0.234
0.495 0.228
0.522 0.228
0.541 0.247
0.554 0.273
0.561 0.313
0.567 0.352
0.574 0.397
0.580 0.436
0.600 0.475
0.626 0.508
0.652 0.534
0.684 0.573
JUMP 0.450 0.566
0.469 0.553
0.495 0.547
0.515 0.553
0.541 0.560
0.561 0.573
0.567 0.599
0.561 0.618
0.541 0.645
0.515 0.651
0.476 0.651
0.450 0.632
0.437 0.612
0.437 0.586
0.450 0.566
JUMP 0.698 0.579
0.698 0.553
0.698 0.527
0.704 0.501
0.717 0.475
0.730 0.443
0.737 0.397
0.724 0.345
0.704 0.299
0.691 0.260
0.671 0.241
0.658 0.221
0.678 0.221
0.704 0.234
0.737 0.260
0.763 0.293
0.789 0.345
0.808 0.404
0.821 0.469
0.834 0.547
0.834 0.612
0.834 0.690
0.821 0.742
0.802 0.794
0.782 0.814
0.743 0.827
0.704 0.833
0.671 0.820
0.658 0.801
0.652 0.781
0.652 0.762
JUMP 0.300 0.586
0.306 0.527
0.300 0.508
0.287 0.475
0.274 0.449
0.267 0.417
0.267 0.384
0.274 0.352
0.287 0.319
0.300 0.286
0.319 0.247
0.339 0.221
0.319 0.221
0.293 0.234
0.267 0.254
0.235 0.299
0.209 0.358
0.183 0.436
0.169 0.521
0.163 0.618
0.169 0.697
0.183 0.768
0.209 0.807
0.241 0.820
0.287 0.833
0.332 0.827
0.352 0.807
0.352 0.788
0.346 0.762
JUMP 0.339 0.221
0.372 0.195
0.411 0.176
0.456 0.169
0.495 0.169
0.541 0.169
0.587 0.182
0.626 0.195
0.645 0.208
0.658 0.221
JUMP 0.274 0.358
0.306 0.339
0.339 0.326
0.365 0.332
0.391 0.352
0.411 0.384
0.417 0.436
JUMP 0.404 0.456
0.378 0.469
0.339 0.469
0.300 0.449
0.280 0.436
0.267 0.417
JUMP 0.580 0.430
0.587 0.378
0.606 0.352
0.626 0.332
0.658 0.326
0.691 0.339
0.724 0.358
JUMP 0.737 0.417
0.717 0.443
0.678 0.462
0.639 0.469
0.606 0.462
0.587 0.449
JUMP 0.717 0.404
0.691 0.384
0.671 0.365
0.645 0.358
0.619 0.371
0.606 0.391
0.600 0.410
0.593 0.436
0.606 0.423
0.619 0.436
0.645 0.436
0.671 0.430
0.691 0.417
0.704 0.410
0.717 0.404
JUMP 0.287 0.404
0.306 0.384
0.326 0.371
0.346 0.365
0.365 0.365
0.385 0.371
0.398 0.391
0.404 0.417
0.404 0.436
0.398 0.423
0.378 0.436
0.352 0.436
0.326 0.430
0.306 0.410
0.287 0.404
JUMP 0.352 0.384
0.365 0.378
0.378 0.391
0.372 0.404
0.359 0.410
0.346 0.397
0.352 0.384
JUMP 0.632 0.378
0.652 0.384
0.658 0.397
0.645 0.410
0.626 0.404
0.619 0.391
0.632 0.378
