[DRAWING_PATH]
Angel
PointCount
161
ListOfPointF
0.508 0.807
0.482 0.814
0.450 0.807
0.424 0.807
0.398 0.814
0.359 0.814
0.339 0.807
0.319 0.820
0.287 0.827
0.267 0.846
0.287 0.872
0.306 0.898
0.359 0.911
0.424 0.918
0.508 0.931
0.548 0.924
0.587 0.938
0.639 0.938
0.684 0.938
0.711 0.918
0.737 0.892
0.730 0.866
0.704 0.859
0.671 0.846
0.652 0.820
0.632 0.807
0.606 0.807
0.580 0.794
0.561 0.801
0.574 0.814
0.561 0.827
0.528 0.827
0.508 0.807
0.528 0.794
0.561 0.801
JUMP 0.528 0.794
0.528 0.716
0.593 0.736
0.606 0.716
0.606 0.684
0.613 0.625
0.619 0.573
0.619 0.527
0.619 0.469
0.632 0.430
0.639 0.404
0.645 0.365
0.645 0.332
0.652 0.306
0.658 0.286
0.639 0.293
0.619 0.306
0.580 0.313
0.541 0.339
0.508 0.352
0.456 0.365
0.424 0.378
0.365 0.404
0.313 0.430
0.261 0.462
0.267 0.488
0.287 0.514
0.313 0.553
0.339 0.592
0.385 0.632
0.443 0.677
0.489 0.703
0.528 0.716
JUMP 0.313 0.560
0.222 0.605
0.209 0.605
0.202 0.618
0.215 0.638
0.235 0.645
0.254 0.638
0.241 0.618
0.222 0.605
JUMP 0.632 0.247
0.632 0.228
0.613 0.234
0.613 0.254
0.632 0.273
0.658 0.286
0.678 0.273
0.658 0.267
0.639 0.221
0.613 0.065
0.743 0.182
0.750 0.215
0.737 0.247
0.717 0.267
0.678 0.273
JUMP 0.743 0.182
0.639 0.221
JUMP 0.652 0.313
0.613 0.332
0.574 0.339
0.554 0.358
0.528 0.384
0.495 0.410
0.476 0.456
0.463 0.495
0.463 0.527
0.463 0.553
0.443 0.534
0.463 0.495
JUMP 0.639 0.404
0.678 0.430
0.769 0.443
0.802 0.423
0.808 0.443
0.789 0.456
0.769 0.443
JUMP 0.750 0.534
0.769 0.495
0.776 0.391
0.750 0.371
0.756 0.345
0.776 0.332
0.795 0.345
0.808 0.371
0.795 0.384
0.776 0.391
JUMP 0.769 0.495
0.737 0.462
0.750 0.456
0.769 0.482
JUMP 0.580 0.313
0.600 0.273
0.606 0.221
0.593 0.176
0.580 0.150
0.541 0.143
0.515 0.156
0.541 0.163
0.567 0.169
0.587 0.208
0.593 0.234
0.600 0.273
JUMP 0.515 0.156
0.482 0.176
0.469 0.208
0.463 0.267
0.443 0.260
0.417 0.267
0.398 0.286
0.404 0.254
0.424 0.241
0.450 0.241
0.463 0.254
JUMP 0.398 0.286
0.404 0.319
0.417 0.345
0.456 0.365
JUMP 0.691 0.241
0.704 0.254
0.730 0.254
JUMP 0.711 0.208
0.730 0.208
0.717 0.221
0.711 0.208
