[DRAWING_PATH]
Dolphin
PointCount
181
ListOfPointF
0.807 0.656
0.829 0.686
0.862 0.710
0.905 0.749
0.941 0.777
0.948 0.793
0.931 0.805
0.896 0.810
0.851 0.798
0.802 0.775
0.751 0.736
0.711 0.706
0.668 0.665
JUMP 0.737 0.727
0.705 0.736
0.658 0.740
0.592 0.742
0.540 0.738
0.475 0.727
0.422 0.707
0.386 0.685
0.348 0.663
0.306 0.656
0.265 0.648
0.236 0.629
0.226 0.607
0.231 0.587
0.245 0.560
0.272 0.542
0.301 0.530
0.318 0.504
0.329 0.473
0.344 0.449
0.370 0.424
0.405 0.406
0.449 0.392
0.489 0.385
0.531 0.384
0.578 0.384
0.609 0.384
0.632 0.379
JUMP 0.665 0.341
0.658 0.361
JUMP 0.233 0.586
0.254 0.583
0.274 0.583
0.288 0.594
0.309 0.603
0.339 0.607
0.375 0.608
0.420 0.607
0.467 0.600
0.510 0.595
0.544 0.590
0.565 0.585
0.551 0.569
0.575 0.600
JUMP 0.589 0.560
0.596 0.538
0.611 0.529
0.630 0.529
0.643 0.539
0.643 0.560
0.628 0.574
0.606 0.577
0.589 0.560
0.605 0.548
0.621 0.543
0.643 0.556
JUMP 0.353 0.526
0.332 0.531
0.305 0.529
JUMP 0.404 0.447
0.424 0.434
JUMP 0.490 0.733
0.489 0.751
0.478 0.783
0.476 0.810
0.478 0.832
0.497 0.839
0.520 0.829
0.546 0.803
0.565 0.771
0.574 0.743
JUMP 0.377 0.418
0.349 0.404
0.314 0.378
0.282 0.357
0.258 0.346
0.235 0.352
0.198 0.365
0.149 0.378
0.102 0.378
0.064 0.366
0.042 0.348
0.039 0.327
0.061 0.318
0.093 0.307
0.123 0.296
0.138 0.275
0.155 0.258
0.175 0.254
0.199 0.262
0.190 0.245
0.206 0.230
0.229 0.223
0.253 0.201
0.263 0.181
0.275 0.167
0.299 0.177
0.316 0.201
0.325 0.227
0.327 0.268
JUMP 0.226 0.277
0.256 0.283
0.288 0.281
0.306 0.273
0.327 0.268
0.356 0.262
0.382 0.257
0.412 0.259
0.451 0.264
0.480 0.270
0.507 0.270
0.529 0.260
0.558 0.254
0.585 0.250
JUMP 0.579 0.264
0.591 0.233
0.601 0.204
0.604 0.161
0.601 0.130
0.597 0.103
0.596 0.072
0.601 0.061
0.614 0.068
0.625 0.094
0.634 0.132
0.643 0.164
0.645 0.193
0.648 0.225
0.653 0.249
0.666 0.262
0.694 0.270
0.722 0.283
0.748 0.299
0.791 0.333
0.817 0.363
0.842 0.397
0.855 0.432
0.868 0.479
0.876 0.526
0.872 0.566
0.862 0.605
0.849 0.630
0.836 0.654
0.821 0.673
JUMP 0.867 0.301
0.847 0.271
0.824 0.249
0.789 0.234
0.767 0.228
0.748 0.230
JUMP 0.769 0.191
0.747 0.189
0.721 0.194
JUMP 0.357 0.165
0.344 0.150
0.327 0.141
0.313 0.141
JUMP 0.171 0.396
0.146 0.411
0.121 0.413
0.091 0.408
JUMP 0.159 0.436
0.142 0.447
0.123 0.447
JUMP 0.581 0.853
0.562 0.866
0.535 0.874
0.508 0.874
