[DRAWING_PATH]
Cow
PointCount
292
ListOfPointF
0.729 0.727
0.696 0.754
0.641 0.777
0.585 0.789
0.540 0.784
JUMP 0.713 0.715
0.734 0.704
0.748 0.710
0.755 0.728
0.772 0.743
0.774 0.760
0.763 0.775
0.737 0.796
0.701 0.813
0.662 0.828
0.627 0.829
0.598 0.835
JUMP 0.587 0.917
0.589 0.901
0.596 0.871
0.600 0.854
0.598 0.835
0.584 0.820
0.563 0.813
0.542 0.811
0.528 0.822
0.515 0.840
0.508 0.855
0.492 0.875
0.511 0.872
0.532 0.872
0.550 0.880
0.568 0.892
0.581 0.902
0.587 0.917
0.574 0.926
0.550 0.926
0.524 0.917
0.498 0.896
0.492 0.875
JUMP 0.524 0.695
0.548 0.786
JUMP 0.544 0.770
0.527 0.770
0.511 0.780
0.516 0.801
0.531 0.823
JUMP 0.721 0.736
0.694 0.672
0.670 0.621
0.654 0.570
0.652 0.523
0.640 0.551
0.613 0.569
0.575 0.574
0.528 0.566
0.503 0.557
0.475 0.572
0.435 0.579
0.402 0.577
0.373 0.559
0.356 0.534
0.357 0.504
0.365 0.487
0.349 0.477
0.346 0.452
0.356 0.427
0.379 0.411
0.403 0.408
0.421 0.414
0.434 0.402
0.459 0.396
0.488 0.395
0.516 0.395
0.545 0.405
0.571 0.415
0.587 0.409
0.605 0.411
0.623 0.423
0.639 0.444
0.643 0.469
0.636 0.488
0.653 0.505
0.652 0.523
0.670 0.509
0.681 0.483
0.688 0.460
0.688 0.436
0.678 0.404
0.660 0.363
0.643 0.332
0.634 0.299
0.630 0.279
0.654 0.294
0.674 0.320
0.698 0.345
0.734 0.362
0.769 0.359
0.797 0.341
0.814 0.313
0.811 0.284
0.793 0.258
0.763 0.243
0.722 0.241
0.677 0.242
0.643 0.236
0.625 0.230
JUMP 0.636 0.232
0.648 0.220
0.632 0.215
0.647 0.197
0.654 0.168
0.653 0.129
0.644 0.090
0.626 0.057
0.615 0.047
0.605 0.051
0.610 0.077
0.606 0.108
0.600 0.137
0.585 0.164
0.587 0.185
0.602 0.204
0.618 0.215
0.632 0.215
JUMP 0.587 0.161
0.567 0.156
0.553 0.164
0.549 0.150
0.536 0.165
0.524 0.158
0.508 0.167
0.494 0.155
0.478 0.165
0.460 0.158
0.443 0.165
0.428 0.155
0.411 0.167
0.419 0.174
0.415 0.193
0.400 0.210
0.374 0.221
0.349 0.216
0.330 0.193
0.318 0.159
0.314 0.122
0.321 0.092
0.335 0.065
0.355 0.047
0.366 0.056
0.364 0.074
0.364 0.099
0.369 0.128
0.391 0.155
0.411 0.167
JUMP 0.353 0.220
0.339 0.233
0.317 0.238
0.289 0.249
0.265 0.255
0.233 0.257
0.203 0.267
0.176 0.290
0.162 0.322
0.163 0.353
0.180 0.376
0.206 0.391
0.241 0.395
0.271 0.383
0.296 0.358
0.314 0.324
0.330 0.297
0.352 0.279
0.349 0.307
0.343 0.342
0.332 0.385
0.325 0.419
0.319 0.460
0.327 0.495
0.342 0.516
0.357 0.525
JUMP 0.400 0.422
0.383 0.480
0.366 0.469
0.362 0.449
0.378 0.432
0.400 0.422
JUMP 0.588 0.428
0.611 0.432
0.628 0.452
0.627 0.479
0.604 0.482
0.605 0.452
0.588 0.428
JUMP 0.600 0.569
0.600 0.590
0.617 0.600
0.630 0.621
0.622 0.638
0.596 0.651
0.574 0.656
0.587 0.651
0.579 0.671
0.554 0.684
0.523 0.693
0.493 0.688
0.462 0.674
0.445 0.652
0.476 0.654
0.425 0.647
0.408 0.633
0.407 0.613
0.421 0.603
0.430 0.594
0.417 0.578
JUMP 0.595 0.600
0.578 0.611
0.546 0.621
0.508 0.622
0.471 0.620
0.434 0.609
0.455 0.603
0.476 0.595
0.494 0.598
0.507 0.605
0.524 0.596
0.544 0.595
0.561 0.603
0.575 0.612
JUMP 0.636 0.257
0.652 0.260
0.670 0.266
0.694 0.263
0.725 0.266
0.757 0.271
0.784 0.288
0.790 0.310
0.778 0.327
0.755 0.335
0.729 0.332
0.705 0.313
0.683 0.293
0.654 0.276
0.636 0.257
JUMP 0.338 0.255
0.321 0.270
0.305 0.285
0.292 0.306
0.272 0.340
0.249 0.363
0.218 0.371
0.190 0.357
0.184 0.332
0.193 0.305
0.214 0.286
0.244 0.277
0.291 0.267
0.338 0.255
JUMP 0.403 0.268
0.428 0.277
0.446 0.299
0.458 0.331
0.452 0.358
0.426 0.378
0.396 0.376
0.378 0.359
0.366 0.332
0.372 0.303
0.386 0.283
0.403 0.268
JUMP 0.411 0.315
0.409 0.340
JUMP 0.392 0.327
0.426 0.327
JUMP 0.570 0.264
0.588 0.271
0.604 0.284
0.615 0.306
0.619 0.336
0.610 0.358
0.589 0.370
0.563 0.371
0.540 0.358
0.529 0.332
0.531 0.302
0.542 0.280
0.554 0.267
0.570 0.264
JUMP 0.576 0.306
0.578 0.336
JUMP 0.559 0.323
0.591 0.322
