[DRAWING_PATH]
WomenOutline
PointCount
103
ListOfPointF
0.267 0.924
0.267 0.859
0.280 0.781
0.306 0.710
0.346 0.618
0.398 0.547
0.430 0.475
0.450 0.423
0.450 0.397
JUMP 0.580 0.443
0.554 0.488
0.535 0.527
0.522 0.573
0.528 0.592
JUMP 0.450 0.514
0.456 0.540
0.476 0.566
0.522 0.605
0.567 0.632
0.587 0.658
0.600 0.690
0.600 0.723
0.587 0.775
0.574 0.820
0.554 0.866
0.528 0.924
JUMP 0.587 0.918
0.606 0.898
0.613 0.879
0.613 0.859
0.600 0.827
0.593 0.801
0.593 0.768
JUMP 0.417 0.794
0.424 0.840
0.424 0.866
0.411 0.905
JUMP 0.567 0.436
0.619 0.436
0.665 0.430
0.684 0.417
0.684 0.391
0.691 0.378
0.698 0.371
0.691 0.358
0.678 0.358
0.684 0.345
0.684 0.332
0.671 0.326
0.671 0.313
0.684 0.299
0.684 0.286
0.671 0.280
0.658 0.280
0.639 0.267
0.632 0.247
0.632 0.215
0.626 0.195
0.613 0.176
JUMP 0.613 0.137
0.613 0.169
0.606 0.195
0.600 0.215
JUMP 0.450 0.365
0.476 0.358
0.508 0.339
0.541 0.299
0.574 0.254
0.593 0.202
0.606 0.150
0.606 0.117
0.580 0.111
0.554 0.104
0.528 0.104
JUMP 0.482 0.111
0.437 0.124
0.391 0.150
0.352 0.195
0.332 0.241
0.326 0.293
0.332 0.352
0.359 0.391
0.398 0.417
0.424 0.423
JUMP 0.489 0.267
0.482 0.306
0.463 0.332
0.443 0.352
0.417 0.365
0.391 0.365
JUMP 0.313 0.286
0.306 0.254
0.306 0.221
0.313 0.195
0.326 0.189
0.339 0.195
JUMP 0.280 0.215
0.261 0.234
0.248 0.260
0.248 0.293
0.261 0.319
0.280 0.339
0.313 0.352
