[DRAWING_PATH]
Nativity
PointCount
325
ListOfPointF
0.855 0.582
0.841 0.526
0.844 0.467
0.849 0.434
0.841 0.410
JUMP 0.870 0.402
0.875 0.372
0.876 0.348
0.860 0.307
0.842 0.277
0.841 0.250
JUMP 0.821 0.242
0.833 0.230
0.831 0.210
0.815 0.197
0.785 0.194
0.734 0.199
0.699 0.190
0.640 0.176
0.597 0.156
0.562 0.142
JUMP 0.604 0.109
0.634 0.092
0.675 0.087
0.714 0.098
0.750 0.115
0.776 0.135
0.784 0.165
JUMP 0.798 0.147
0.802 0.171
0.810 0.185
JUMP 0.746 0.238
0.712 0.230
0.668 0.219
0.605 0.208
0.553 0.197
0.527 0.180
0.523 0.154
0.532 0.134
0.557 0.118
JUMP 0.507 0.191
0.485 0.212
0.477 0.238
JUMP 0.516 0.285
0.518 0.264
0.536 0.249
0.574 0.243
0.618 0.241
0.658 0.241
0.688 0.249
0.718 0.266
0.737 0.288
0.757 0.331
0.774 0.355
0.806 0.371
JUMP 0.724 0.324
0.716 0.346
0.698 0.355
JUMP 0.707 0.306
0.681 0.307
0.644 0.305
JUMP 0.694 0.275
0.665 0.273
0.639 0.264
0.621 0.255
JUMP 0.600 0.289
0.576 0.275
0.558 0.266
0.561 0.286
0.557 0.319
0.575 0.342
JUMP 0.591 0.302
0.571 0.286
JUMP 0.664 0.324
0.686 0.326
JUMP 0.692 0.379
0.678 0.385
0.661 0.372
0.649 0.371
0.638 0.380
0.621 0.382
0.610 0.375
JUMP 0.636 0.352
0.627 0.368
0.600 0.370
0.592 0.350
0.606 0.340
0.610 0.313
JUMP 0.718 0.375
0.688 0.400
0.656 0.421
0.632 0.431
0.615 0.422
JUMP 0.597 0.424
0.583 0.405
0.583 0.380
0.568 0.359
JUMP 0.602 0.389
0.610 0.397
0.621 0.397
JUMP 0.724 0.387
0.725 0.411
0.711 0.448
0.692 0.488
0.673 0.530
0.664 0.573
0.664 0.616
0.675 0.645
JUMP 0.793 0.757
0.759 0.738
0.725 0.732
0.703 0.732
JUMP 0.683 0.773
0.698 0.798
0.703 0.832
0.692 0.867
0.679 0.883
JUMP 0.660 0.918
0.682 0.927
0.712 0.927
0.744 0.913
0.763 0.895
JUMP 0.651 0.866
0.666 0.845
0.673 0.815
0.671 0.781
0.665 0.750
0.648 0.730
0.643 0.712
0.643 0.695
0.626 0.708
0.625 0.740
0.634 0.766
0.613 0.771
0.574 0.762
0.544 0.754
0.524 0.749
0.514 0.762
0.536 0.777
0.559 0.789
0.585 0.803
JUMP 0.570 0.827
0.544 0.818
0.518 0.799
0.499 0.785
0.489 0.775
0.497 0.755
0.514 0.762
JUMP 0.566 0.854
0.541 0.844
0.515 0.824
0.495 0.807
0.482 0.797
0.482 0.777
JUMP 0.622 0.878
0.602 0.880
0.562 0.874
0.527 0.854
0.506 0.837
0.497 0.816
JUMP 0.512 0.875
0.486 0.884
0.437 0.885
JUMP 0.499 0.704
0.498 0.716
JUMP 0.495 0.685
0.480 0.681
0.472 0.688
JUMP 0.462 0.707
0.462 0.695
JUMP 0.449 0.736
0.443 0.715
0.446 0.694
0.468 0.672
0.489 0.661
0.516 0.659
0.542 0.660
0.576 0.673
0.600 0.689
0.605 0.706
JUMP 0.617 0.691
0.595 0.715
0.574 0.723
0.541 0.724
0.518 0.725
0.498 0.737
0.465 0.741
0.428 0.737
0.407 0.723
JUMP 0.415 0.699
0.425 0.685
0.443 0.678
JUMP 0.344 0.737
JUMP 0.383 0.719
0.382 0.730
0.357 0.746
0.329 0.766
0.291 0.767
0.263 0.759
JUMP 0.346 0.717
0.387 0.699
0.396 0.708
0.349 0.737
JUMP 0.342 0.695
0.386 0.685
0.400 0.689
0.387 0.699
JUMP 0.394 0.681
0.394 0.665
0.364 0.671
0.339 0.671
0.289 0.668
0.302 0.656
0.318 0.659
0.343 0.661
0.330 0.648
0.302 0.643
0.274 0.642
0.244 0.654
0.220 0.674
0.220 0.703
0.226 0.734
0.241 0.755
0.266 0.785
0.296 0.803
JUMP 0.141 0.695
0.163 0.678
0.192 0.667
0.203 0.665
JUMP 0.222 0.639
0.194 0.612
0.164 0.591
JUMP 0.257 0.633
0.284 0.618
0.316 0.616
0.349 0.616
0.382 0.626
0.429 0.632
0.475 0.634
0.515 0.635
0.553 0.638
0.597 0.648
0.632 0.663
0.657 0.677
0.675 0.699
JUMP 0.532 0.617
0.537 0.590
0.551 0.563
0.557 0.535
0.570 0.517
JUMP 0.459 0.595
0.485 0.563
0.514 0.518
0.528 0.475
0.532 0.427
0.527 0.371
0.518 0.335
JUMP 0.506 0.302
0.489 0.272
0.460 0.249
0.426 0.229
0.385 0.221
0.344 0.229
0.319 0.241
0.295 0.264
JUMP 0.300 0.234
0.272 0.247
0.237 0.267
0.216 0.285
0.190 0.318
0.164 0.353
0.133 0.384
0.107 0.405
JUMP 0.169 0.391
0.147 0.409
0.130 0.441
0.125 0.470
0.129 0.513
JUMP 0.177 0.526
0.215 0.525
0.253 0.513
0.291 0.491
0.318 0.465
0.348 0.419
0.373 0.371
0.398 0.328
0.425 0.303
0.447 0.299
0.465 0.315
JUMP 0.478 0.333
0.484 0.350
0.484 0.375
JUMP 0.464 0.368
0.445 0.367
0.420 0.375
0.395 0.382
JUMP 0.472 0.402
0.473 0.421
0.456 0.430
0.449 0.432
0.446 0.456
0.447 0.487
0.428 0.491
0.416 0.479
0.428 0.491
0.411 0.503
0.385 0.495
0.400 0.501
0.398 0.518
0.390 0.530
0.368 0.531
0.346 0.518
0.327 0.507
0.313 0.484
JUMP 0.330 0.535
0.319 0.568
JUMP 0.310 0.525
0.283 0.547
JUMP 0.408 0.421
0.424 0.418
0.435 0.423
JUMP 0.407 0.438
0.424 0.444
JUMP 0.515 0.671
0.510 0.682
