[DRAWING_PATH]
Fox
PointCount
258
ListOfPointF
0.540 0.867
0.555 0.852
0.571 0.852
0.587 0.852
0.595 0.867
0.587 0.891
0.571 0.898
0.548 0.891
0.540 0.859
0.527 0.840
0.505 0.824
JUMP 0.587 0.852
0.587 0.836
0.587 0.805
0.555 0.758
JUMP 0.540 0.617
0.558 0.645
0.567 0.676
0.571 0.711
0.563 0.742
0.548 0.773
0.532 0.789
0.528 0.779
0.508 0.773
0.516 0.797
0.508 0.813
0.485 0.844
0.462 0.867
0.454 0.844
0.446 0.828
0.422 0.820
0.430 0.836
0.407 0.828
0.375 0.820
0.352 0.797
0.329 0.773
0.321 0.746
0.316 0.714
0.321 0.677
0.331 0.648
0.344 0.626
0.301 0.602
0.265 0.576
0.228 0.548
0.205 0.505
0.189 0.464
0.206 0.464
0.232 0.457
0.250 0.445
0.248 0.421
0.253 0.404
0.266 0.383
0.248 0.359
0.236 0.323
0.223 0.260
0.223 0.204
0.229 0.156
0.249 0.109
0.262 0.138
0.280 0.180
0.304 0.204
0.330 0.238
0.351 0.283
0.366 0.314
0.336 0.329
0.300 0.354
0.292 0.327
0.304 0.306
0.284 0.311
0.266 0.316
0.289 0.292
0.275 0.284
0.250 0.268
0.267 0.272
0.292 0.264
0.278 0.250
0.295 0.245
0.317 0.249
0.338 0.257
JUMP 0.262 0.138
0.278 0.151
0.292 0.173
0.319 0.195
0.347 0.214
0.375 0.242
0.391 0.276
0.407 0.299
0.438 0.293
0.473 0.294
0.502 0.302
0.516 0.273
0.531 0.236
0.557 0.207
0.584 0.180
0.621 0.156
0.652 0.129
0.664 0.103
0.674 0.082
JUMP 0.581 0.251
0.602 0.247
0.627 0.249
0.651 0.254
0.660 0.260
0.639 0.260
0.623 0.264
0.640 0.275
0.654 0.284
0.621 0.286
0.638 0.310
0.617 0.305
0.604 0.303
0.613 0.323
0.619 0.340
0.615 0.353
0.597 0.337
0.579 0.323
0.559 0.318
0.545 0.319
0.555 0.292
0.570 0.270
0.591 0.236
0.618 0.202
0.644 0.168
0.660 0.142
0.671 0.112
0.674 0.082
0.682 0.100
0.696 0.126
0.707 0.163
0.703 0.206
0.700 0.253
0.687 0.293
0.678 0.329
0.664 0.355
0.647 0.383
0.660 0.404
0.662 0.427
0.664 0.453
0.679 0.465
0.691 0.475
0.704 0.474
0.698 0.495
0.677 0.522
0.660 0.542
0.634 0.559
0.611 0.577
0.575 0.602
0.524 0.626
0.494 0.647
0.451 0.663
0.416 0.659
0.378 0.639
0.344 0.626
JUMP 0.293 0.517
0.316 0.505
0.339 0.503
0.361 0.505
0.381 0.514
0.394 0.533
JUMP 0.501 0.536
0.510 0.521
0.524 0.509
0.544 0.499
0.567 0.497
0.587 0.504
0.602 0.516
JUMP 0.462 0.600
0.441 0.590
0.426 0.591
0.420 0.600
0.430 0.615
0.443 0.621
0.451 0.612
0.462 0.600
JUMP 0.583 0.599
0.602 0.605
0.628 0.620
0.652 0.642
0.675 0.672
0.686 0.706
0.695 0.734
0.691 0.773
0.712 0.802
0.714 0.823
0.707 0.849
0.701 0.875
0.694 0.889
0.673 0.884
0.664 0.866
0.661 0.845
0.654 0.832
0.636 0.832
0.622 0.818
0.617 0.794
0.587 0.805
JUMP 0.709 0.836
0.687 0.837
0.673 0.845
0.660 0.853
JUMP 0.408 0.833
0.394 0.853
0.370 0.879
0.352 0.898
0.336 0.901
0.321 0.893
0.321 0.871
0.330 0.849
0.331 0.823
0.342 0.783
JUMP 0.332 0.854
0.353 0.858
0.366 0.874
JUMP 0.695 0.738
0.716 0.747
0.742 0.750
0.761 0.740
0.746 0.719
0.773 0.716
0.798 0.701
0.823 0.676
0.838 0.647
0.846 0.620
0.846 0.595
0.828 0.613
0.837 0.582
0.854 0.551
0.859 0.516
0.870 0.477
0.866 0.431
0.850 0.388
0.832 0.354
0.808 0.322
0.780 0.331
0.742 0.354
0.709 0.382
0.690 0.409
0.670 0.451
0.686 0.439
0.714 0.422
0.738 0.408
0.751 0.408
0.751 0.423
0.751 0.447
0.747 0.473
0.743 0.493
0.763 0.482
0.778 0.460
0.781 0.432
0.771 0.411
0.795 0.426
0.799 0.445
0.799 0.471
0.789 0.499
0.806 0.492
0.825 0.470
0.844 0.454
0.855 0.477
0.864 0.508
